adv <- c(0.2, 0.1) # advection
params <- c(0.01, 0.2, 1.5, 1)
ngrid <- 5
temp <- 0:29
s0 <- c(1, 1)
t0 <- 0
